length
0.5400000000000205
